bras:		186x256		(1)

arme:		160x45		(1)

idle:		186x256		(4)

déplacement:	186x256		(4)

pré-foudre:	240x272		(3)

foudre:		703x472		(3)

mort:		1300x1300	(8)




fx:		133x138		(10)

fx2:		41x71		(3)