
idle:          108x192		(8)


début charge:  139x192		(2)


charge:        173x192		(4)


fin charge:    139x192		(2)


mort:          650x650		(8)


fx:		45x50		(6) 

fx2:		326x70		(6)